[[bravais]]   
    name = "triangle"
    v1 = [0.8660254037844386,0.5]
    v2 = [0.8660254037844386,-0.5]
    dim = 2